-6.148695513822030057e-01 -7.196521681288013950e-01 3.030782630478126460e+00
-5.342999786138534768e-01 -8.242499873042106184e-01 2.974700051546096624e+00
-6.087096674788382566e-01 -8.226774075338917358e-01 2.976596813048085988e+00
-6.603749934583902359e-01 -8.592187501490116119e-01 2.970875039696693420e+00
-6.169999870989058000e-01 -7.836666603883107873e-01 2.952666653527153962e+00
-6.518142793859754702e-01 -8.702142838920865486e-01 2.944057118892669855e+00
-1.234269259067682034e+00 -3.613846118633563531e-01 2.868615425550020692e+00
-6.077142738160632440e-01 -8.171428498767671078e-01 3.034628577459426158e+00
-1.252060591572462966e+00 -3.694545319586088894e-01 2.782303056331596025e+00
-1.230000019073486328e+00 -5.010000169277191162e-01 2.765000104904174805e+00
-1.108528283407103299e+00 -5.103396256014985921e-01 2.765169894920205262e+00
-1.197600007057189941e+00 -5.951999783515929954e-01 2.762000083923339844e+00
-1.352999985218048096e+00 -7.829999923706054688e-01 2.762000083923339844e+00
-1.079999923706054688e+00 -4.919999837875366211e-01 2.756000041961669922e+00
-1.166999995708465576e+00 -7.440000176429748535e-01 2.756000041961669922e+00
-1.230000019073486328e+00 -5.529999931653341028e-01 2.714999993642171372e+00
-1.200027519409809562e+00 -6.197614601445854410e-01 2.734119275294312423e+00
-1.148977100394154238e+00 -6.180915937168907082e-01 2.730854962618296522e+00
-3.543076851429083352e-01 -6.589230619944058676e-01 3.124461565262232288e+00
-1.307999993479529000e+00 -8.247906856758649985e-01 2.698930235796196619e+00
-6.193333268165588379e-01 -6.893333329094780693e-01 2.982666730880737305e+00
-1.243241392332931960e+00 -4.693448153035393866e-01 2.732465526153301294e+00
-1.240179795897408788e+00 -4.165617964240941884e-01 2.782696648929896099e+00
-1.283280000686645606e+00 -4.046399974822997847e-01 2.668640060424804616e+00
-1.236750025302171707e+00 -5.639374932895103720e-01 2.677562529842058670e+00
-1.271999955177307129e+00 -4.320000012715657367e-01 2.654000043869018555e+00
-1.051518076873687368e+00 -6.057831185409822128e-01 2.685951833265373345e+00
-1.254243891413618917e+00 -4.168292642608890652e-01 2.732292688959013116e+00
-1.269894710758276091e+00 -4.747368201874850313e-01 2.641473690668741714e+00
-1.250536071885492317e+00 -5.675876232766613461e-01 2.635010321115709875e+00
1.981800234317779574e-01 -2.612999725341796919e-01 2.270179982185363876e+00
-2.988074455201996105e-01 2.790559278511852703e-01 1.229354042444169792e+00
2.063571576561246679e-01 -2.817856946161815257e-01 2.237857154437473906e+00
3.513290443728047108e-01 -1.688903054883403032e-01 2.235780675949588847e+00
-9.710768552926871133e-02 4.119692508990948077e-01 9.735384610983041087e-01
4.020000355584280594e-01 -2.459999322891235352e-01 2.156000137329101562e+00
4.988372270451035817e-01 -3.002790711646856070e-01 2.188651140346083324e+00
-6.431538416789128743e-01 -6.871153838359392863e-01 2.985038505150721555e+00
-1.285252753194871866e+00 -4.154505441477010508e-01 2.631912097826108798e+00
-1.203151069956717834e+00 -4.189640249279762974e-01 2.840129493809432581e+00
-1.267916656202740189e+00 -4.199999951654010411e-01 2.685000022252400864e+00
-8.106153752559270842e-01 -6.646152337392170761e-02 1.698076926744901183e+00
-2.099999785423278809e-01 1.110000014305114746e-01 1.657999992370605469e+00
-1.000465043755464772e-01 -7.255803707034089167e-03 1.705999970436096191e+00
-6.809999942779541016e-01 1.004999876022338867e-01 1.593500018119812012e+00
-6.443076867323654922e-01 1.080000400543212891e-01 1.565230773045466428e+00
-1.263599983383627556e+00 -5.644235211260179019e-01 2.588988236819996569e+00
-1.521428468681517154e-01 2.999285998798552066e-01 1.238857155754452766e+00
-3.991648246953775625e-01 2.669011184147426219e-01 1.230747258270179723e+00
-4.502376188146005598e-01 2.678614087624124895e-01 1.230455449312040095e+00
-5.994749903678894265e-01 1.711500272154808100e-01 1.431424997746944427e+00
-2.019560337066650391e-01 2.331428658831250500e-01 1.326153839027488734e+00
-3.513252964938979317e-01 2.427469894110438342e-01 1.283759033823587803e+00
-3.998461426832737309e-01 1.823077217126503891e-01 1.378076949180700783e+00
-7.002471839444021073e-01 1.809438440237152446e-01 1.382000024399060889e+00
-1.949999928474426270e-01 3.059999942779541016e-01 1.202000021934509277e+00
1.453846326241126363e-01 2.519999742507934570e-01 1.404153888042156462e+00
2.177999883890152089e-01 -6.671999916434288025e-01 2.541349983215332120e+00
-1.331886806578006288e+00 -4.149056560588332832e-01 2.477509426620771116e+00
-3.507428532554989764e-01 2.718857413246518195e-01 1.232857147852579827e+00
3.002571616853986214e-01 -7.168285646608897332e-01 2.534899967057364201e+00
-3.517999927202860588e-01 2.016000270843505970e-01 1.346799989541371589e+00
-2.923333247502644672e-01 2.583333518770005721e-01 1.265666703383127922e+00
-2.507026872119387795e-01 2.489189231717908735e-01 1.296864876876006267e+00
-6.209999918937683105e-01 1.560000181198120117e-01 1.453999996185302734e+00
-7.623749785125255585e-01 -1.049998402595520020e-02 1.772749997675418854e+00
-1.198725385369414420e+00 -6.709119087673839354e-01 2.732963747311132341e+00
-5.501012538052811873e-01 2.414430440226687791e-01 1.282278487953958601e+00
2.014030022407645726e-01 -3.051940256090306391e-01 2.229612008849186644e+00
-9.919999213445754305e-02 3.851428792590186889e-01 1.031028576124282115e+00
3.935625329613685608e-01 -2.812499813735485077e-01 2.212437555193901062e+00
-6.353333294391632080e-01 4.866668250825670339e-02 1.684333337677849762e+00
-1.245000011042544763e+00 -8.597368456815418503e-01 2.779526346608212073e+00
-2.021489270189975040e-01 2.970000251810601677e-01 1.233276603069711319e+00
3.497045554898001729e-01 -2.578636069189418345e-01 2.184636346318505229e+00
-3.508636341853575424e-01 2.198863720351999507e-01 1.327659098939462101e+00
-9.888887994083357669e-02 1.920000314712524414e-01 1.480370377316887032e+00
-5.489411646244573006e-01 1.505882459528306017e-01 1.489647049529879697e+00
3.977280330657959051e-01 -2.181119995117187516e-01 2.186863975524902415e+00
-2.489318007772619024e-01 3.198409148237921773e-01 1.178750009699301327e+00
9.523817471095494605e-03 3.668571615976000677e-01 1.128857145233759907e+00
-2.447825946669647534e-01 2.654782810072968124e-01 1.276173921598904304e+00
-5.518441424741373780e-01 1.290389732881025708e-01 1.531766241247003668e+00
-1.354862069261485225e+00 -8.164137817662338037e-01 2.719068975284181899e+00
-2.007906880489615520e-01 3.189767474351927201e-01 1.179116289282954089e+00
-4.127999782562256081e-01 2.519999742507934570e-01 1.254800033569335893e+00
-4.588301789085820204e-01 9.215093783612521294e-02 1.442339627247936296e+00
-5.002409585987228624e-01 2.402168785233095571e-01 1.282891577984913267e+00
-4.505052579076666563e-01 2.397473761909886536e-01 1.283473691187406951e+00
-3.026399914423624771e-01 2.465600109100341830e-01 1.285760000546773307e+00
-3.549999892711639404e-01 2.580000162124633789e-01 1.264000058174133301e+00
-9.870328876998397949e-02 2.849670596175141180e-01 1.282835171772883420e+00
3.473009820123320601e-01 -2.143689278260018094e-01 2.218271933713005684e+00
-1.215103424828628098e+00 -8.263448189044820813e-01 2.755379347965634995e+00
-1.740000247955322266e-01 2.519999742507934570e-01 1.304000020027160645e+00
-2.039999961853027344e-01 4.200005531311035156e-02 1.759999990463256836e+00
-4.487857094832828908e-01 2.178571493852706209e-01 1.327500004143941981e+00
-4.449999809265136608e-01 8.010001381238301965e-02 1.482700008153915450e+00
1.120000018013848214e-01 -3.213333421283298130e-01 2.251999855041503906e+00
-5.009142807551792975e-01 2.193428652627127384e-01 1.328685714517320982e+00
-3.514999962515301113e-01 1.885000285175111590e-01 1.379583353797594780e+00
-1.441377055449563960e+00 3.008852747620129331e-01 2.732491809813702766e+00
-5.220000147819519043e-01 1.260000467300415039e-01 1.511000037193298340e+00
-1.258919986486434883e+00 -4.667999923229217418e-01 2.680520033836364835e+00
3.497205990202286729e-01 -3.149117643342298489e-01 2.223500078215318698e+00
-4.463478223137233303e-01 2.024347937625387561e-01 1.349652155585910895e+00
-9.967499226331710815e-02 3.402000024914741405e-01 1.129775002598762512e+00
-4.978721699816115315e-02 4.198723676356863610e-01 9.822340398392779282e-01
-5.023999929428100142e-01 2.519999742507934570e-01 1.253200022379557188e+00
-6.508285641670227273e-01 1.431428670883178600e-01 1.481085719381059818e+00
-4.259999990463256836e-01 6.000006198883056641e-02 1.736000061035156250e+00
-9.928420342897113782e-02 2.385473803470009313e-01 1.381368443840428339e+00
-6.900000572204589844e-02 2.039999961853027344e-01 1.453999996185302734e+00
-3.780000209808349609e-01 1.620000600814819336e-01 1.460000038146972656e+00
-5.041558401925223531e-01 1.389350736296021960e-01 1.471766255118630129e+00
-5.116665032174852468e-02 1.958333601554234915e-01 1.481250006291601418e+00
-3.538378283784195943e-01 1.540540585646758276e-01 1.490486480094290966e+00
9.450001120567322332e-02 2.031000077724456898e-01 1.498100006580352694e+00
-6.086499889691671106e-01 -8.684999987483024153e-01 2.946999971071879276e+00
6.987157846751965717e-01 6.814739327681691716e-02 2.580736862985711255e+00
-6.461142791169030009e-01 -9.123428536312920833e-01 2.929657157829829828e+00
5.253659806600430998e-02 2.132195147072396546e-01 1.469951231305192119e+00
-3.477692328966580648e-01 1.633846576397235684e-01 1.467384640987102751e+00
-8.329409010270062697e-02 -2.332941153470207696e-01 2.400235232184915191e+00
-6.506341390493439736e-01 1.860732029124003983e-01 1.381926850574772603e+00
4.840000271797180176e-01 -2.059999836815727958e-01 2.179666651619805329e+00
-5.495199871063232155e-01 1.764800214767456021e-01 1.432879997889200840e+00
-1.158299991488456637e+00 -5.549999892711638960e-01 2.766050070524215698e+00
-1.502970185610327525e-01 3.342178269188002537e-01 1.132495048022506223e+00
-1.238571447985512775e+00 -7.193571307829448314e-01 2.711214252880641329e+00
-2.482727115804498896e-01 1.882727543512980051e-01 1.432454540874018800e+00
-1.144350010156631514e+00 -4.751999795436859242e-01 2.795600011944770813e+00
-1.282307696648133044e+00 -5.116153848476898691e-01 2.577076951662699233e+00
-1.009999944104088693e-01 3.521666626135508404e-01 1.099333326021830315e+00
-1.493157775778519436e-01 2.271579022993121255e-01 1.381736864123427999e+00
-1.101218165050853459e+00 -5.667818129062652810e-01 2.734672743623907110e+00
-2.011999898486667160e-01 3.379333416620890485e-01 1.133066667450798981e+00
-1.301177422846517162e+00 -4.168064478904970338e-01 2.582000019088868115e+00
-1.055999977248055499e+00 -6.137142692293439117e-01 2.647142853055681311e+00
7.409454692493785410e-01 7.876366268504750301e-02 2.584181828932328617e+00
