9.653164314318306294e-02 -1.192556971236120367e+00 3.099898742724068512e+00
1.362600171566009655e-01 -1.154039998054504412e+00 3.195680022239685059e+00
1.384285816124507240e-01 -1.210928538015910494e+00 3.143428598131452478e+00
5.039424449205398560e-02 -1.143173079078014132e+00 3.092951935071211800e+00
1.640000236340058148e-01 -1.202076924152863269e+00 3.053307719719715596e+00
4.830000400543212752e-02 -1.110599970817566007e+00 3.134900033473968506e+00
-5.497792084495742859e-01 -7.457922015871319976e-01 3.003636394228254236e+00
8.748150018998133992e-02 -1.192518519766536667e+00 3.055185214972790497e+00
-5.759999752044677734e-01 -8.219999670982360840e-01 2.875999927520751953e+00
-5.598805867024322369e-01 -7.944179043841006482e-01 2.953552281678612612e+00
-4.418297891921185161e-01 -8.511063811626840003e-01 2.916531915360308869e+00
-5.027175518392607012e-01 -9.916946432972681968e-01 2.883282421199420131e+00
-6.359999775886535645e-01 -1.164000034332275391e+00 2.875999927520751953e+00
-3.993020017675105171e-01 -8.464026803138272603e-01 2.903463139630003909e+00
-4.882499910891056061e-01 -1.078499972820281982e+00 2.877874940633773804e+00
-5.418367179072632878e-01 -8.954693790601224723e-01 2.899755120277404785e+00
-5.287499949336051941e-01 -9.884999841451644897e-01 2.878249943256378174e+00
-4.489897939623618828e-01 -9.997959033567078713e-01 2.853530645370483398e+00
2.850000262260437012e-01 -1.077749967575073242e+00 3.236750036478042603e+00
-6.083999872207641602e-01 -1.182000041007995605e+00 2.818400001525878995e+00
9.036364699854995686e-02 -1.249636364705634772e+00 3.053454550829800773e+00
-5.672499984502792358e-01 -8.532499993840853003e-01 2.853625044226646423e+00
-5.574807570530817546e-01 -8.461153805255889893e-01 2.899019255087925906e+00
-6.152499847941927946e-01 -6.950833259357346305e-01 2.849166704548729889e+00
-5.558399868011474343e-01 -8.975999919573466324e-01 2.849360030492146922e+00
-5.989024239342387590e-01 -7.953658481923545631e-01 2.800341454947866904e+00
-3.549835994595386679e-01 -9.779999881494240155e-01 2.804295090378307709e+00
-5.878124932448068884e-01 -7.468124938507875177e-01 2.897625019152959336e+00
-5.953011886183038337e-01 -8.457108384155365144e-01 2.750722922474504895e+00
-5.654181751337918893e-01 -9.021818117661909442e-01 2.806072716279463197e+00
8.512500383351978561e-01 -5.479342004186228410e-01 2.458999934949372967e+00
3.877500295639038086e-01 2.325004339218139648e-02 1.421750009059906006e+00
9.180000159475538712e-01 -5.588333242469363249e-01 2.416500051816304673e+00
9.145000179608663293e-01 -4.546999891599019517e-01 2.469499945640563965e+00
6.463019128115672363e-01 1.419622695670937629e-01 1.253849070027189372e+00
1.060500051294054336e+00 -5.376428344420024485e-01 2.317571333476475370e+00
1.132000029087066650e+00 -5.640000005563100549e-01 2.348000049591064453e+00
8.700001239776611328e-02 -1.190999984741210938e+00 3.001999974250793457e+00
-6.240000128746032715e-01 -6.660000085830688477e-01 2.822000026702880859e+00
-5.043870915648758224e-01 -7.906451539326739830e-01 2.985677398661131576e+00
-6.009166497323248368e-01 -7.468333277437422257e-01 2.849250041776233200e+00
-9.472130556575587834e-02 -3.840983519788648270e-01 1.891311479396507345e+00
5.955000221729278564e-01 -1.469999700784683228e-01 1.831250011920928955e+00
5.990377484627489313e-01 -2.919056516773295695e-01 1.906037748984570790e+00
5.363637750799005871e-02 -2.107272762240785524e-01 1.789454546841708016e+00
5.061819336631081384e-02 -1.901454383676702276e-01 1.751490924575112018e+00
-5.821666651301913298e-01 -8.951666595207320443e-01 2.746833357546064391e+00
3.994186381961024046e-01 4.653490005537520846e-02 1.400837206563284143e+00
2.978684431628176865e-01 -5.289469894609953593e-03 1.448868440954308667e+00
2.502000127519879991e-01 -6.857141426631382757e-03 1.450657161644526960e+00
1.499104659948775897e-01 -9.537313411484903136e-02 1.601582100142293852e+00
4.488837303117264033e-01 -4.555811992911405067e-02 1.541627922723459720e+00
3.482222358385722027e-01 -3.277774210329408716e-02 1.501111118881790718e+00
3.517777875617698613e-01 -9.511110076197872021e-02 1.599555567458823768e+00
-3.299999237060546875e-02 -1.280000209808349609e-01 1.610000014305114746e+00
5.475254543757034353e-01 1.332204624757928405e-02 1.501084745940515441e+00
7.507500201463699341e-01 -4.190623387694358826e-02 1.649281255900859833e+00
9.110847852997860929e-01 -9.954915112358028173e-01 2.665288197792182512e+00
-6.310344749483568494e-01 -7.351034468617932971e-01 2.742551754260885488e+00
3.532615478222186911e-01 2.769213456373948584e-04 1.452892329142643879e+00
1.049840032259623301e+00 -1.044960008462270107e+00 2.650120019912719727e+00
3.925714577947344019e-01 -7.371429034641810429e-02 1.566714278289250029e+00
4.020000365045335311e-01 -1.599999268849690640e-02 1.484999974568684822e+00
4.490000059207280292e-01 -2.624994516372680664e-02 1.517750004927317375e+00
5.211766093384986170e-02 -1.589411567239200351e-01 1.694000008059483031e+00
-5.999994277954101562e-02 -3.539999961853027566e-01 1.956800055503845170e+00
-4.979999937228302698e-01 -1.013462656469487522e+00 2.858716495001493829e+00
9.900000691413879395e-02 -4.762497916817665100e-02 1.498156245797872543e+00
8.518125489354133606e-01 -6.444374918937683105e-01 2.435750082135200500e+00
6.495737873139928453e-01 1.162623069325431496e-01 1.302622947536530962e+00
9.998307888324443615e-01 -6.026307564515334114e-01 2.392538411800678055e+00
1.350000202655792236e-01 -2.760000228881835938e-01 1.922000050544738770e+00
-5.050256400026826853e-01 -1.192564105376219041e+00 2.898410297866560459e+00
5.531163049298662981e-01 -8.651165075080340106e-03 1.540651174478752772e+00
9.637895383332905075e-01 -5.668421042592901582e-01 2.367263241818076569e+00
4.472727342085404678e-01 -7.690908330859559661e-02 1.608727281743829840e+00
6.979534903237986088e-01 -7.995348752931107084e-02 1.708232566367748229e+00
1.502368575648257709e-01 -1.496052396924872074e-01 1.701026323594545087e+00
9.503437777360280725e-01 -5.481562400236725807e-01 2.403406236320734024e+00
4.520454623482443868e-01 8.809091286225752271e-02 1.340545464645732432e+00
6.497419572645618535e-01 7.354842462847309414e-02 1.410645169596518311e+00
5.417143163226899594e-01 -3.085709753490629634e-02 1.558857145763578922e+00
1.542353139204137580e-01 -1.665882082546458476e-01 1.732823561219608122e+00
-6.010188572811629992e-01 -1.184094340171454096e+00 2.852226444010464768e+00
5.007945380798758395e-01 5.819179260567443335e-02 1.399506849785373541e+00
3.167999982833862305e-01 -1.800000667572021484e-02 1.479199934005737349e+00
2.189999818801879883e-01 -1.920000314712524414e-01 1.621999979019165039e+00
2.016176669036640889e-01 -3.944115253055796577e-02 1.499529407304875939e+00
2.481000125408172607e-01 -3.772497177124023438e-02 1.497874999046325595e+00
3.971351707303846235e-01 -2.918915490846376096e-02 1.508486499657502034e+00
3.510000109672546387e-01 -1.679999828338623116e-02 1.480399942398071378e+00
6.009041250568546433e-01 -4.931503779267611652e-03 1.548931512114119835e+00
9.313334094153510323e-01 -5.326666633288065222e-01 2.426666789584689621e+00
-5.532749876379966514e-01 -1.088324984908104032e+00 2.814874976873397827e+00
5.029999911785125732e-01 -1.249999801317850691e-02 1.526000022888183594e+00
4.729999899864196777e-01 -2.129999995231628418e-01 1.940000017484029060e+00
2.502000123262405618e-01 -6.089997887611389021e-02 1.534700024127960249e+00
2.008235454559326172e-01 -2.294117726531683110e-01 1.692000005759444869e+00
7.014594550605293133e-01 -6.539999928560342735e-01 2.456378333203427466e+00
2.007805079948611349e-01 -6.073168428932747970e-02 1.537560989217060303e+00
4.008000373840331920e-01 -8.399998744328816824e-02 1.600000003973643059e+00
-8.318571448326110840e-01 -8.314284256526402461e-02 2.886285696710859217e+00
1.847027314675820930e-01 -1.509729494919647974e-01 1.689459465645455127e+00
-6.015428418204897820e-01 -6.963428497314453347e-01 2.897085732505435107e+00
9.935294319601619684e-01 -6.278823543997371637e-01 2.396588189929139467e+00
2.491034598186098181e-01 -8.037930727005004883e-02 1.561172409304257158e+00
6.022174047387164331e-01 8.960869260456251484e-02 1.341565238392871340e+00
6.900000572204589844e-01 1.319999694824218750e-01 1.302000006039937263e+00
1.436250135302543640e-01 -2.512493729591369629e-02 1.468625031411647797e+00
1.107693177003126958e-02 -1.622307483966533848e-01 1.688461546714489225e+00
1.975384950637817383e-01 -2.644615173339843750e-01 1.937692312093881375e+00
6.180000305175781250e-01 -1.800000667572021484e-02 1.580000042915344238e+00
6.993103479516917798e-01 -4.706894529276881012e-02 1.649206899363419021e+00
3.500000158945719142e-01 -1.118000030517578153e-01 1.651800004641214903e+00
2.064117812642864147e-01 -1.471176334455901458e-01 1.657470580409554861e+00
7.507273067127574473e-01 -6.218179066975911690e-02 1.687272736520478267e+00
3.905454874038696289e-01 -1.270909417759288340e-01 1.715818177569996328e+00
8.444000403086344697e-01 -7.280001640319824774e-02 1.716799998283386142e+00
1.864800310134887562e-01 -1.241760003566741988e+00 3.110360021591186630e+00
1.272000074386596680e+00 -2.760000228881835938e-01 2.803999900817871094e+00
7.421056429545084925e-03 -1.147315791824407682e+00 3.052473716568528506e+00
8.020465152208194892e-01 -5.888370303220526875e-02 1.690790705902631919e+00
4.002857492083594648e-01 -1.165714207149687320e-01 1.689999994777497738e+00
5.058261052421901827e-01 -5.524695546730704621e-01 2.614295658857926252e+00
-5.599983533223469936e-03 -1.268000364303588923e-01 1.619200007120768170e+00
1.056000032845665348e+00 -5.952352802543079413e-01 2.369970623184652680e+00
1.523684357341966999e-01 -1.149473629499736527e-01 1.638578963907141528e+00
-4.967999935150146373e-01 -9.049499951303004996e-01 2.916799998283386319e+00
5.487097078754056279e-01 8.690323752741660468e-02 1.335548404724367311e+00
-5.054727218367837116e-01 -1.046400007334622462e+00 2.860072783990339929e+00
5.003333422872755509e-01 -8.249999086062113907e-02 1.644666668441560509e+00
-4.503310285765549370e-01 -8.977241306469357918e-01 2.904220743837027552e+00
-5.937534097122819654e-01 -8.980273906498739134e-01 2.701589038927261210e+00
6.496250281731287268e-01 9.487499793370564316e-02 1.345875024795532227e+00
5.629091046073220195e-01 -6.218179789456454443e-02 1.637272748080166984e+00
-4.307142921856471629e-01 -9.604285742555346284e-01 2.868285826274326933e+00
5.017500191926955733e-01 8.820000588893890658e-02 1.338500013947486966e+00
-6.106849214802049230e-01 -7.951232823607039535e-01 2.750575369351530686e+00
-3.903636318264585570e-01 -9.925454439538897722e-01 2.814545458013361312e+00
1.346520037651061985e+00 -2.627999687194824130e-01 2.802439999580383478e+00
